% This file contains the reference values from the 3GPP calibration

%%  Data for the 3GPP 36.873 Phase 1 Calibration
cl36873a(1,:) = -[134,120.2,115.9,112.6,109.9,107.6,105.4,103.4,101.6,99.9,98.2,96.5,...
  94.8,92.9,90.9,88.5,85.7,81.8,76,69.3,49.2];
cl36873a(2,:) = -[147.3,128.8,123.9,120.5,117.7,115.1,112.7,110.3,107.9,105.5,103,...
  100.3,97.5,94.8,91.9,88.7,84.7,79.5,72.7,63.9,46.5];
cl36873a(3,:) = -[144.7,132.1,129,126.4,124.3,122.2,120.2,118.3,116.3,114.3,112.3,...
  110.3,108.2,106.1,104,101.7,99.1,95.8,91.6,84.1,59.8];
cl36873a(4,:) = -[154,133.3,129.9,127.5,125.3,123.3,121.3,119.2,117.1,114.9,112.3,...
  109.6,106.8,104,101.1,98.2,95.1,91.2,86.5,78.9,54.2];

gf36873a(1,:) = [-6.9,-2.2,-0.9,0,0.8,1.6,2.4,3.4,4.3,5.3,6.4,7.5,8.7,10.1,11.6,13.4,15.3,...
  17.5,20.2,23.4,26.8];
gf36873a(2,:) = [-11.2,-1.7,-0.4,0.6,1.5,2.4,3.4,4.5,5.6,6.8,8.1,9.5,10.9,12.5,14.2,16.1,...
  18.3,20.7,23.3,25.6,26.9];
gf36873a(3,:) = [-8.4,-3.1,-1.9,-0.9,-0.1,0.6,1.4,2.2,3,4,4.9,6,7.2,8.5,9.9,11.6,13.5,...
  15.9,18.8,22.6,26.7];
gf36873a(4,:) = [-12.8,-1.4,-0.1,0.8,1.7,2.7,3.7,4.8,5.9,7.1,8.4,9.8,11.2,12.8,14.5,16.4,...
  18.5,20.7,23.2,25.4,26.9];

zod36873a(1,:) = [48.1,83.5,86.3,87.8,88.7,89.4,89.7,89.9,90.6,91.1,91.5,92,92.6,93.3,94,...
    94.7,95.6,96.7,98.5,101.9,127.7];
zod36873a(2,:) = [50.3,84,86.3,87.5,88.5,89.4,89.7,89.9,91.2,91.7,92.3,92.9,93.6,94.2,94.8,...
    95.5,96.2,97.3,98.9,102.1,128.2];
zod36873a(3,:) = [90.1,90.9,91.2,91.6,91.9,92.3,92.7,93.1,93.5,93.9,94.3,94.7,95.2,95.7,...
    96.3,97.1,98.1,99.3,101.3,105,123.3];
zod36873a(4,:) = [90.2,91.5,92,92.5,92.9,93.3,93.7,94,94.4,94.7,95.1,95.5,95.9,96.4,96.9,...
    97.6,98.5,99.7,101.6,105,123.2];

%%  Data for the 3GPP 36.873 Phase 2 Calibration

cl36873b(1,:) = -[133.4,120.2,115.9,113,109.9,107.5,105.4,103.3,101.3,99.7,98,...
    96.3,94.6,92.8,90.8,88.6,85.8,81.8,75.8,69,51];
cl36873b(2,:) = -[136.8,121.8,117.9,114.9,112.2,109.4,107.1,104.7,102.5,100.4,...
    98.4,96.5,94.5,92.4,90.2,87.4,84.2,80.2,74,65.8,47.7];
cl36873b(3,:) = -[143.9,131.9,128.9,126.5,124.4,122.5,120.6,118.5,116.5,114.5,...
    112.2,110.2,108.3,106.4,104.3,102.1,99.6,96.4,92.1,84,59.9];
cl36873b(4,:) = -[146.9,131.5,128,125.5,123.3,121.2,119.2,117.2,115,112.9,110.9,...
    109,106.7,104.4,101.9,99.1,96,92.4,87.5,79.7,56.8];

sinr36873b(1,:) = [-7.8,-3.2,-2.1,-1.3,-0.6,0.1,0.6,1.2,2,2.7,3.6,4.4,5.3,6.5,7.7,9.2,11,...
    12.9,15.6,19.2,26.5];
sinr36873b(2,:) = [-7.2,-3,-1.9,-1,-0.2,0.5,1.1,1.8,2.6,3.4,4.3,5.3,6.3,7.5,8.9,10.6,12.5,...
    14.8,17.8,21.9,30.2];
sinr36873b(3,:) = [-8.3,-4,-2.9,-2.1,-1.4,-0.7,-0.1,0.5,1.1,1.8,2.6,3.5,4.4,5.4,6.5,7.7,9.4,...
    11.4,14.1,18,26.4];
sinr36873b(4,:) = [-7.8,-2.5,-1.4,-0.5,0.2,0.8,1.5,2.2,3,3.9,4.7,5.8,6.9,8.1,9.5,11.2,13.2,...
    15.6,18.2,22.2,32.9];

zsb36873b(1,:) = [0.1,0.5,0.8,1.1,1.4,1.8,2.1,2.5,2.8,3.2,3.7,4.2,4.9,5.6,6.6,7.7,9.3,11.4,...
    15.3,22.9,53.4];
zsb36873b(2,:) = [0.1,0.8,1.2,1.6,1.9,2.3,2.7,3.1,3.5,4,4.5,5.1,5.8,6.8,7.8,9.1,10.7,13.2,...
    17.4,26.5,53.4];
zsb36873b(3,:) = [0,0.2,0.3,0.4,0.6,0.8,0.9,1.1,1.3,1.5,1.8,2.1,2.5,2.9,3.5,4.2,5.2,6.7,9,...
    14.2,53.6];
zsb36873b(4,:) = [0.1,0.3,0.5,0.7,0.9,1.2,1.4,1.7,1.9,2.2,2.5,2.9,3.3,3.8,4.5,5.3,6.4,8,10.5,...
    15.8,52];

zsa36873b(1,:) = [1.4,3.4,3.9,4.3,4.8,5.3,5.9,6.5,7.2,8.1,9,9.9,11.2,12.6,14.4,16.8,20,24.4,...
    31,40.8,54];
zsa36873b(2,:) = [1.5,3.2,3.9,4.5,5.2,5.9,6.6,7.3,8.1,8.9,9.9,10.9,12.2,13.7,15.7,18.1,21.4,...
    25.9,32.5,42.4,55.8];
zsa36873b(3,:) = [2.8,3.6,4.3,5,5.8,6.6,7.5,8.4,9.4,10.6,11.7,12.9,14.6,16.3,18.3,20.6,23.5,...
    27.6,33,41.2,58];
zsa36873b(4,:) = [2.8,3.7,4.4,5.1,5.9,6.9,7.8,8.8,10,11.2,12.4,13.9,15.6,17.3,19.5,21.8,24.6,...
    28.4,34.1,42.9,56.6];

sv1_36873b(1,:) = [-10.8,5.1,6.9,8.1,9,9.7,10.4,11,11.5,12,12.5,13,13.5,14,14.5,15.1,15.6,...
    16.1,16.9,18,24.7];
sv1_36873b(2,:) = [-13.6,3.5,5.7,7.3,8.7,9.7,10.6,11.5,12.3,13.1,13.8,14.6,15.3,16.1,17,...
    17.9,18.9,19.9,21.3,23.3,35.3];
sv1_36873b(3,:) = [-9.6,5.3,7.1,8.1,9,9.7,10.4,11,11.5,12.1,12.6,13.1,13.6,14.1,14.6,15.1,...
    15.7,16.3,17,18.2,24.6];
sv1_36873b(4,:) = [-15.7,4.9,7.5,9.3,10.6,11.7,12.7,13.5,14.3,15.1,15.9,16.6,17.3,18.1,...
    18.9,19.7,20.6,21.5,22.8,24.7,35.9];

sv2_36873b(1,:) = [-48.6,-19.1,-13.8,-11,-8.9,-7.4,-6,-4.9,-4,-3.2,-2.3,-1.5,-0.8,0,0.8,...
    1.7,2.6,3.5,4.7,6.2,14.4];
sv2_36873b(2,:) = [-32.4,-6.2,-3.3,-1.5,-0.1,1,2,3,3.8,5,6,7,8,9,10.1,11.2,12.3,13.5,15,...
    17.5,31.6];
sv2_36873b(3,:) = [-46.2,-16,-11.9,-9.8,-8.2,-6.7,-5.6,-4.6,-3.7,-2.8,-2,-1.3,-0.5,0.3,...
    1.1,1.9,2.8,3.8,5,6.6,14.7];
sv2_36873b(4,:) = [-27.8,-4.4,-1.5,0.4,1.8,3,4,5,5.8,6.7,7.5,8.3,9.1,10,10.8,11.8,12.8,...
    14,15.7,18.7,33.4];

svR_36873b(1,:) = [0.3,5.4,7,8.2,9.2,10.2,11.1,11.9,12.8,13.6,14.4,15.3,16.2,17.2,18.3,...
    19.6,21.2,23.1,26,31.6,64.1];
svR_36873b(2,:) = [0.1,1.9,2.6,3.3,3.8,4.3,4.9,5.3,5.8,6.2,6.7,7.2,7.8,8.5,9.1,9.8,10.7,...
    11.7,12.8,14.7,36.1];
svR_36873b(3,:) = [0.3,5.3,6.9,8.1,9.2,10.1,11,11.8,12.6,13.4,14.3,15.2,16,17,18,19.2,20.5,...
    22.1,24.4,28.1,61.7];
svR_36873b(4,:) = [0.1,2.1,2.9,3.5,4.1,4.7,5.2,5.7,6.1,6.6,7.1,7.6,8,8.6,9.2,9.8,10.8,11.7,...
    12.7,14.7,36.5];

%%  Data for the 3GPP 38.901 Large Scale Calibration

cl38900a(1,:,1) = -[142.3,136.4,132.4,128.9,125.8,122.9,120.3,117.6,115,112.2,109.5,106.4,103.2,...
    99.9,96.2,92.2,87.6,82,74.8];
cl38900a(2,:,1) = -[164.6,158.5,154.1,150.3,147.1,144,141.1,138.2,135.3,132.4,129.4,126.2,122.5,...
    118.3,113.7,108.9,103.5,97.1,89.3];
cl38900a(3,:,1) = -[184.2,177.8,173.3,169.2,165.5,162,158.7,155.5,152.3,149.1,145.8,142.4,138.3,...
    133.6,127.1,119.8,112.8,105.2,96.8];
cl38900a(1,:,2) = -[150.4,144.7,140.6,137,133.9,131.1,128.4,125.8,123.1,120.3,117.5,114.7,111.8,...
    109.1,106.1,102.8,98.8,93.7,86];
cl38900a(2,:,2) = -[172,166.3,161.8,157.9,154.5,151.4,148.5,145.7,142.9,140.1,137,133.6,130,...
    126.6,123.1,119.5,115.4,110.1,102];
cl38900a(3,:,2) = -[191.4,185.5,180.9,176.8,172.8,169.2,165.8,162.6,159.6,156.6,153.3,149.8,...
    145.5,140.4,135.1,130.4,125.5,119.7,110.7];
cl38900a(1,:,3) = -[71.1,69.4,68.3,67.2,66.2,65.1,63.8,62.3,60.8,59.3,57.8,56.4,55,53.6,52.1,...
    50.7,49,47.2,45];
cl38900a(2,:,3) = -[85,83.5,82.3,81.3,80.3,79.2,77.9,76.4,74.9,73.3,71.8,70.3,68.9,67.5,66,64.6,...
    63,61.2,59.1];
cl38900a(3,:,3) = -[92.4,90.8,89.7,88.6,87.6,86.5,85.3,83.8,82.2,80.7,79.2,77.8,76.4,74.9,73.5,...
    71.9,70.4,68.6,66.4];

gf38900a(1,:,1)= [-1.7,-0.5,0.4,1.2,2.1,3,4,5,6.1,7.3,8.6,9.9,11.4,13,14.9,17,19.4,22.1,24.9];
gf38900a(2,:,1)= [-1.6,-0.4,0.4,1.3,2.2,3.1,4.1,5.2,6.3,7.5,8.8,10.2,11.7,13.3,15.1,17.2,19.6,22.2,24.9];
gf38900a(3,:,1)= [-1.6,-0.4,0.5,1.3,2.2,3.1,4.1,5.2,6.3,7.5,8.8,10.2,11.7,13.4,15.2,17.3,19.7,22.4,25];
gf38900a(1,:,2)= [-1,0.1,1.1,2,2.9,3.9,5,6,7.2,8.6,9.9,11.3,12.9,14.7,16.5,18.6,20.9,23.4,25.6];
gf38900a(2,:,2)= [-1,0.2,1.1,2,3,4,5,6.1,7.3,8.6,9.9,11.3,13,14.7,16.5,18.6,20.9,23.4,25.6];
gf38900a(3,:,2)= [-0.9,0.1,1.1,2,3,3.9,5,6.1,7.2,8.5,9.9,11.3,13,14.7,16.5,18.6,20.9,23.4,25.6];
gf38900a(1,:,3)= [-4.4,-3.5,-2.7,-2,-1.3,-0.6,0.2,1,2,3,4.2,5.5,6.9,8.4,10,11.7,13.6,15.6,17.9];
gf38900a(2,:,3)= [-4.3,-3.4,-2.7,-2,-1.3,-0.6,0.2,1.1,2,3.1,4.2,5.6,7,8.5,10.2,11.8,13.6,15.6,18];
gf38900a(3,:,3)= [-4.3,-3.4,-2.6,-1.9,-1.2,-0.5,0.3,1.1,2,3.1,4.3,5.5,6.9,8.4,10.1,11.7,13.6,15.6,18];

%%  Data for the 3GPP 38.901 Full Calibration
% dimensions: [ Freq, percentile (5:5:95), scenario (UMi, UMa, Indoor), Configuration ];

% Coupling Loss, UMi
cl38900b(1,:,1,1) = -[132.3,127.5,123.7,120.7,117.9,115.5,112.9,110.7,108.5,106.2,103.8,101.4,98.9,96.4,93.6,90.6,87.3,83.1,77.4];
cl38900b(2,:,1,1) = -[154.8,149.6,145.7,142.2,139.1,136.3,133.6,130.9,128.3,125.7,123.1,120.4,117.3,114.3,111.1,107.4,103.3,98.6,92.6];
cl38900b(3,:,1,1) = -[170.3,165,160.9,157.2,153.8,150.8,147.8,144.8,141.8,139,136.1,133,129.8,125.9,121.6,116.4,111.3,105.7,99.2];
cl38900b(4,:,1,1) = -[174.3,169.1,165.1,161.4,158.1,154.9,151.8,148.8,145.7,142.7,139.8,136.5,133.2,129.5,124.5,118.7,113.1,107.4,101];
